0.885734 0.536819 0.446523 0.117788 0.039228 0.015849 0.010082 0.006257 0.006229 0.002038 0.000686 0.000797 0.001029 0.001081 0.001258 0.001161 0.001183 0.003023 0.002165 0.003952 0.003291 0.004679 0.039129 0.018352 0.050730 0.074501 0.038628 0.093126 0.337794 0.205896 0.087807 0.075448 0.037059 0.022815 0.010269 0.004039 0.003270 0.002790 0.002192 0.001945 0.002099 0.002019 0.000827 0.001192 0.000986 0.000960 0.001430 0.001656 0.001506 0.001194 0.001070 0.000946 0.001072 0.001175 0.002138 0.001368 0.001639 0.002453 0.001792 0.001615 0.001463 0.001127 0.001322 0.001608 0.001660 0.002525 0.001033 0.001458 0.000962 0.000678 0.000939 0.001556 0.002194 0.003456 0.002197 0.004193 0.001822 0.002030 0.001475 0.002187 0.002024 0.002020 0.002511 0.001681 0.002410 0.003442 0.002130 0.002866 0.002162 0.002719 0.001759 0.002546 0.001101 0.000860 0.000873 0.000947 0.001036 0.001016 0.000991 0.000760 0.000956 0.002091 0.001200 0.001728 0.002425 0.001899 0.002349 0.003219 0.003083 0.004098 0.005316 0.003364 0.001877 0.002616 0.002780 0.001309 0.001388 0.001992 0.002362 0.001165 0.001226 0.002444 0.003893
0.536819 0.903712 0.776430 0.700050 0.069123 0.036523 0.007884 0.004431 0.002989 0.003653 0.001111 0.000959 0.000958 0.001372 0.001772 0.000980 0.000945 0.003405 0.003627 0.004853 0.004395 0.006016 0.059786 0.008271 0.040255 0.011124 0.008867 0.049367 0.218328 0.325284 0.188430 0.441982 0.046135 0.080160 0.013501 0.006246 0.002830 0.003670 0.002677 0.002094 0.001924 0.002157 0.001141 0.001675 0.002106 0.001408 0.002374 0.003154 0.001850 0.001359 0.000984 0.001114 0.001438 0.001269 0.002643 0.002510 0.002171 0.002389 0.002906 0.002538 0.002365 0.001366 0.002074 0.004358 0.009603 0.004155 0.001365 0.002433 0.000967 0.000551 0.000894 0.001236 0.002883 0.005346 0.002649 0.004118 0.003328 0.003171 0.002273 0.002152 0.002520 0.002861 0.003040 0.001928 0.003318 0.005928 0.002638 0.004415 0.002403 0.003296 0.001714 0.003285 0.001254 0.000841 0.001113 0.000955 0.001409 0.001208 0.001909 0.001217 0.001194 0.003269 0.002061 0.003416 0.008543 0.005602 0.005453 0.007469 0.004979 0.007178 0.010308 0.006173 0.003590 0.007019 0.008506 0.002729 0.003533 0.006458 0.006471 0.002423 0.002486 0.004546 0.002939
0.446523 0.776430 0.912939 0.815806 0.715060 0.049351 0.031488 0.007659 0.003361 0.003010 0.003078 0.002287 0.003159 0.003292 0.002578 0.003976 0.004809 0.033520 0.025979 0.093856 0.074505 0.128961 0.605860 0.100168 0.249199 0.058850 0.028644 0.090953 0.365302 0.190604 0.273502 0.350844 0.135225 0.118892 0.044339 0.013662 0.009910 0.007988 0.006935 0.009716 0.004981 0.009339 0.002894 0.006400 0.004353 0.003156 0.005297 0.011447 0.006888 0.006080 0.003733 0.005041 0.005407 0.004475 0.011017 0.012538 0.009244 0.007380 0.005075 0.007163 0.006065 0.004329 0.003374 0.008181 0.007521 0.013163 0.002602 0.009372 0.001925 0.001124 0.001405 0.004387 0.008453 0.022853 0.012929 0.033768 0.013901 0.020482 0.008191 0.009896 0.020520 0.015957 0.013054 0.005691 0.011067 0.027031 0.011444 0.037827 0.016534 0.029217 0.010663 0.031012 0.005850 0.001934 0.002220 0.001881 0.002047 0.002478 0.004455 0.002704 0.003872 0.008891 0.007640 0.010878 0.018487 0.008934 0.012776 0.021406 0.014134 0.029639 0.053551 0.029032 0.015275 0.032787 0.036796 0.009434 0.011624 0.030485 0.026426 0.007709 0.008026 0.017331 0.005340
0.117788 0.700050 0.815806 0.916056 0.834522 0.738802 0.054101 0.019271 0.007731 0.006806 0.008136 0.006116 0.003184 0.001560 0.001835 0.003829 0.002653 0.012583 0.022592 0.058173 0.023319 0.018817 0.115674 0.008129 0.014587 0.002687 0.002208 0.009221 0.032598 0.063597 0.115906 0.466341 0.190223 0.413103 0.044796 0.071566 0.020907 0.014885 0.007446 0.005426 0.003696 0.005782 0.002563 0.003790 0.003005 0.001623 0.001874 0.003906 0.002237 0.001402 0.000858 0.001221 0.001627 0.001329 0.001948 0.001930 0.002419 0.002097 0.001241 0.002248 0.004166 0.002666 0.001730 0.002474 0.002631 0.002942 0.000896 0.001927 0.000519 0.000547 0.000717 0.001091 0.002172 0.005977 0.003487 0.010293 0.006639 0.008043 0.004994 0.005340 0.009142 0.008755 0.008763 0.002919 0.005329 0.007426 0.004936 0.013513 0.007548 0.009575 0.003185 0.006775 0.001905 0.001155 0.001028 0.001228 0.000976 0.001292 0.001483 0.001169 0.001822 0.003006 0.002337 0.002119 0.003142 0.003173 0.006713 0.010696 0.006499 0.009267 0.019290 0.009349 0.006595 0.014222 0.022828 0.004488 0.004177 0.010267 0.009239 0.004964 0.004186 0.011297 0.003859
0.039228 0.069123 0.715060 0.834522 0.884321 0.804059 0.711366 0.081503 0.024947 0.014146 0.012407 0.014894 0.009324 0.005527 0.006049 0.023533 0.034608 0.321782 0.305500 0.301835 0.092698 0.072018 0.313313 0.012716 0.028174 0.003668 0.001618 0.005466 0.009923 0.025777 0.172381 0.187369 0.248234 0.199820 0.051357 0.036525 0.020345 0.023561 0.009729 0.007515 0.008790 0.022260 0.009699 0.022518 0.011444 0.007613 0.010670 0.028638 0.007229 0.007156 0.004639 0.008512 0.008663 0.011681 0.015710 0.018884 0.008799 0.011154 0.003359 0.005384 0.007201 0.005748 0.004348 0.011167 0.006273 0.017703 0.001894 0.010030 0.001685 0.001806 0.002378 0.005212 0.007194 0.037867 0.017028 0.117482 0.041330 0.062823 0.021560 0.031525 0.055397 0.038004 0.031362 0.013423 0.029058 0.088982 0.041670 0.107825 0.044181 0.089438 0.011564 0.045371 0.006820 0.002763 0.002347 0.002547 0.003380 0.006690 0.006927 0.003919 0.007901 0.015382 0.009370 0.010104 0.015538 0.009559 0.024552 0.041151 0.015869 0.025436 0.068619 0.022942 0.014842 0.063616 0.079821 0.013329 0.019766 0.077365 0.057294 0.022920 0.023606 0.053796 0.011517
0.015849 0.036523 0.049351 0.738802 0.804059 0.868115 0.880795 0.743789 0.076450 0.032191 0.021381 0.015900 0.015836 0.008758 0.010531 0.021817 0.051023 0.225041 0.381378 0.151935 0.036455 0.016271 0.020676 0.001713 0.001826 0.000508 0.000292 0.001702 0.003025 0.003479 0.017101 0.084695 0.098698 0.231309 0.073680 0.207612 0.062539 0.089921 0.033508 0.012532 0.008070 0.012593 0.007119 0.007776 0.006598 0.003911 0.004198 0.008014 0.002849 0.002214 0.001289 0.002457 0.002381 0.002152 0.003412 0.003826 0.002785 0.002599 0.001204 0.002141 0.002848 0.001865 0.001440 0.002546 0.002038 0.002168 0.000494 0.001151 0.000450 0.000372 0.000811 0.001233 0.002038 0.003924 0.004243 0.016996 0.009808 0.015397 0.007450 0.013251 0.018315 0.011458 0.013135 0.008519 0.010451 0.019299 0.008235 0.016451 0.011449 0.013211 0.003264 0.003742 0.001322 0.000805 0.000860 0.001091 0.001204 0.002167 0.001741 0.001380 0.001549 0.003168 0.003014 0.002447 0.004598 0.003171 0.006778 0.009836 0.005196 0.010667 0.023870 0.005966 0.004058 0.011673 0.010881 0.003277 0.003673 0.011970 0.011329 0.006880 0.005184 0.010583 0.005426
0.010082 0.007884 0.031488 0.054101 0.711366 0.880795 0.996478 0.883042 0.649821 0.122164 0.072344 0.032498 0.024086 0.031064 0.048980 0.168189 0.223120 0.329012 0.247389 0.078336 0.021114 0.012049 0.014508 0.001483 0.002870 0.000568 0.000322 0.001793 0.001639 0.003286 0.010577 0.017962 0.099743 0.111918 0.120906 0.098264 0.047536 0.051069 0.031857 0.019544 0.020648 0.048400 0.021222 0.033944 0.018670 0.009283 0.016146 0.028318 0.008692 0.008920 0.004400 0.010907 0.013256 0.009833 0.015504 0.017170 0.009452 0.016577 0.005516 0.008238 0.010107 0.007309 0.005335 0.013094 0.007583 0.008767 0.002382 0.005137 0.001519 0.001279 0.002588 0.002373 0.005749 0.017792 0.016316 0.096760 0.046245 0.071370 0.044960 0.069369 0.066204 0.049112 0.053321 0.045121 0.059383 0.120951 0.036134 0.054973 0.027699 0.039362 0.006138 0.008372 0.002683 0.001544 0.001917 0.002419 0.002505 0.007592 0.007107 0.003813 0.004812 0.009510 0.008038 0.005684 0.006926 0.005555 0.014321 0.023588 0.009374 0.017930 0.054429 0.018972 0.009583 0.048577 0.037882 0.006945 0.011984 0.044656 0.029277 0.017288 0.014157 0.041877 0.010271
0.006257 0.004431 0.007659 0.019271 0.081503 0.743789 0.883042 0.955570 0.804462 0.548041 0.220087 0.099214 0.054585 0.071979 0.077754 0.184058 0.203869 0.139974 0.140805 0.031590 0.015371 0.007346 0.005106 0.000851 0.000784 0.000273 0.000309 0.000627 0.000824 0.000962 0.003121 0.004273 0.013266 0.032443 0.043800 0.073746 0.044640 0.060195 0.022765 0.016831 0.013131 0.015318 0.007809 0.011308 0.009252 0.003486 0.004228 0.006390 0.003186 0.003003 0.001671 0.003169 0.005451 0.003129 0.003376 0.004261 0.002159 0.003210 0.002560 0.002798 0.003437 0.003317 0.003147 0.008023 0.002777 0.004505 0.001155 0.001660 0.000921 0.001222 0.002263 0.001436 0.002104 0.006726 0.010853 0.025553 0.016183 0.019440 0.013307 0.023078 0.021631 0.015361 0.014170 0.018369 0.016201 0.021330 0.013937 0.016871 0.011166 0.010927 0.002198 0.002731 0.001317 0.000868 0.001434 0.002310 0.002622 0.004542 0.004297 0.003383 0.004786 0.010706 0.008585 0.006809 0.010538 0.007434 0.016111 0.015635 0.008923 0.013499 0.029367 0.007939 0.006156 0.024613 0.022338 0.003814 0.006378 0.023956 0.016264 0.009979 0.009583 0.028881 0.008907
0.006229 0.002989 0.003361 0.007731 0.024947 0.076450 0.649821 0.804462 0.949986 0.668859 0.526122 0.172134 0.109873 0.112813 0.189839 0.206431 0.192614 0.063166 0.041547 0.010605 0.009149 0.004691 0.003764 0.000854 0.001032 0.000489 0.000423 0.001292 0.001162 0.000791 0.001350 0.001836 0.006929 0.010643 0.023517 0.044304 0.097864 0.068057 0.038376 0.020089 0.011080 0.017912 0.008073 0.008464 0.005185 0.003108 0.003808 0.005808 0.004548 0.002742 0.002019 0.003141 0.004646 0.002651 0.004429 0.004813 0.003492 0.006629 0.006191 0.005765 0.004890 0.004633 0.002580 0.006204 0.001707 0.002387 0.000962 0.001592 0.000880 0.002955 0.002680 0.001100 0.001509 0.002531 0.002753 0.005903 0.005550 0.010943 0.011306 0.017756 0.024060 0.013795 0.014798 0.019664 0.018233 0.020040 0.012699 0.010223 0.006912 0.005869 0.001868 0.001905 0.001221 0.000750 0.001399 0.002268 0.002683 0.004310 0.002991 0.003251 0.003928 0.005329 0.004629 0.005101 0.006031 0.006056 0.012168 0.009526 0.007100 0.006720 0.014056 0.005771 0.005824 0.014554 0.014501 0.004786 0.010242 0.016447 0.012048 0.012127 0.011740 0.019101 0.007225
0.002038 0.003653 0.003010 0.006806 0.014146 0.032191 0.122164 0.548041 0.668859 0.847694 0.618806 0.397581 0.101363 0.147962 0.141623 0.103543 0.129411 0.055506 0.045117 0.010275 0.010620 0.003381 0.002329 0.000475 0.000902 0.000258 0.000520 0.000482 0.000469 0.000249 0.000626 0.000645 0.002761 0.002726 0.011669 0.023328 0.047414 0.041347 0.023752 0.015399 0.009587 0.011014 0.005784 0.004076 0.003786 0.002301 0.002536 0.003369 0.002565 0.002312 0.001660 0.002263 0.003019 0.001985 0.002899 0.002793 0.002702 0.004096 0.004580 0.003437 0.003372 0.003450 0.000917 0.001687 0.001010 0.001214 0.000519 0.001238 0.000763 0.001055 0.001417 0.000926 0.001426 0.001637 0.002726 0.003766 0.004175 0.009047 0.010458 0.013912 0.021921 0.013587 0.013074 0.022870 0.015512 0.020272 0.011968 0.011849 0.005957 0.005806 0.002231 0.002138 0.001435 0.001461 0.002150 0.003109 0.003086 0.003662 0.003120 0.002912 0.003601 0.004219 0.003298 0.003691 0.004360 0.004249 0.007460 0.008429 0.007183 0.006741 0.012919 0.006908 0.004489 0.010919 0.017501 0.005496 0.009775 0.016032 0.011624 0.009844 0.011387 0.022286 0.008923
0.000686 0.001111 0.003078 0.008136 0.012407 0.021381 0.072344 0.220087 0.526122 0.618806 0.817919 0.637171 0.485482 0.271584 0.202730 0.094042 0.112835 0.070642 0.060330 0.012954 0.010000 0.002733 0.001547 0.000403 0.000549 0.000162 0.000394 0.000340 0.000420 0.000305 0.000585 0.000570 0.002124 0.003111 0.010997 0.029589 0.037254 0.034905 0.037712 0.021725 0.012225 0.015760 0.008772 0.005235 0.005084 0.003188 0.003708 0.004094 0.003298 0.002438 0.001593 0.002039 0.002623 0.002103 0.003844 0.003843 0.001948 0.002377 0.003111 0.003036 0.001925 0.001442 0.000672 0.001169 0.000654 0.001161 0.000564 0.001084 0.000414 0.000522 0.000596 0.000601 0.000667 0.001152 0.002271 0.003903 0.005139 0.011101 0.009097 0.021609 0.029301 0.016676 0.024500 0.034798 0.021655 0.022643 0.016490 0.013828 0.004968 0.004322 0.002481 0.001515 0.000930 0.000792 0.000994 0.001694 0.002204 0.002549 0.002615 0.002110 0.002811 0.003884 0.003654 0.004649 0.005577 0.006851 0.008526 0.011400 0.007674 0.009389 0.015637 0.005394 0.004759 0.013752 0.015587 0.004296 0.008475 0.014307 0.011136 0.006187 0.007391 0.026404 0.006941
0.000797 0.000959 0.002287 0.006116 0.014894 0.015900 0.032498 0.099214 0.172134 0.397581 0.637171 0.799462 0.604598 0.479024 0.174779 0.073461 0.086209 0.038638 0.036615 0.010939 0.007873 0.001884 0.000704 0.000175 0.000261 0.000127 0.000283 0.000231 0.000204 0.000167 0.000444 0.000367 0.001051 0.003267 0.013766 0.033048 0.036361 0.022379 0.026834 0.011146 0.007583 0.006771 0.004034 0.003459 0.002307 0.001605 0.002855 0.003704 0.002273 0.001754 0.001393 0.002298 0.001876 0.001653 0.004405 0.002315 0.001607 0.001915 0.002151 0.002859 0.000925 0.000632 0.000416 0.000890 0.000491 0.000761 0.000387 0.000674 0.000184 0.000176 0.000227 0.000316 0.000448 0.000969 0.001471 0.003275 0.003494 0.006041 0.005262 0.011421 0.011266 0.007194 0.012274 0.021010 0.009049 0.014351 0.009486 0.005145 0.003498 0.002858 0.001522 0.001523 0.000687 0.000700 0.000827 0.001174 0.001239 0.001715 0.002509 0.002324 0.002539 0.003729 0.002959 0.003689 0.004071 0.005023 0.009098 0.011544 0.009345 0.009869 0.011248 0.004442 0.003830 0.007431 0.011117 0.003849 0.007360 0.010378 0.007615 0.004235 0.004946 0.016221 0.005686
0.001029 0.000958 0.003159 0.003184 0.009324 0.015836 0.024086 0.054585 0.109873 0.101363 0.485482 0.604598 0.799920 0.587818 0.407886 0.134594 0.155124 0.041505 0.021250 0.009217 0.009156 0.002309 0.001077 0.000240 0.000187 0.000086 0.000061 0.000119 0.000124 0.000230 0.000504 0.000466 0.001160 0.001778 0.009070 0.013097 0.045629 0.022345 0.026383 0.013731 0.006649 0.007104 0.003844 0.003370 0.003178 0.001795 0.002296 0.002540 0.001903 0.001257 0.000975 0.001121 0.001347 0.000982 0.001742 0.001270 0.001561 0.001222 0.001652 0.001770 0.000518 0.000284 0.000271 0.000418 0.000371 0.000491 0.000315 0.000423 0.000142 0.000077 0.000130 0.000237 0.000331 0.001062 0.001161 0.002537 0.003247 0.008103 0.007746 0.015315 0.014197 0.008100 0.008499 0.018012 0.010310 0.009279 0.005199 0.004507 0.003905 0.001453 0.000766 0.000843 0.000445 0.000332 0.000446 0.000682 0.000767 0.000717 0.001194 0.001334 0.001170 0.001935 0.002138 0.002233 0.002369 0.003142 0.004564 0.007155 0.005050 0.003821 0.005997 0.002748 0.002407 0.003969 0.005859 0.002471 0.006423 0.006427 0.004758 0.003045 0.005491 0.010474 0.004092
0.001081 0.001372 0.003292 0.001560 0.005527 0.008758 0.031064 0.071979 0.112813 0.147962 0.271584 0.479024 0.587818 0.711676 0.643904 0.489235 0.405725 0.069293 0.027916 0.007558 0.011455 0.003525 0.001429 0.000313 0.000230 0.000162 0.000089 0.000096 0.000155 0.000199 0.000625 0.000349 0.001581 0.003054 0.015163 0.028844 0.073079 0.053342 0.043320 0.025986 0.013977 0.011746 0.007053 0.006320 0.003194 0.003170 0.003577 0.004610 0.003771 0.002080 0.000724 0.001160 0.001403 0.000932 0.001208 0.001170 0.001440 0.001418 0.001074 0.000786 0.000368 0.000315 0.000220 0.000447 0.000379 0.000694 0.000242 0.000363 0.000156 0.000090 0.000158 0.000446 0.000755 0.001324 0.001409 0.003035 0.004417 0.011884 0.010726 0.021092 0.019009 0.010234 0.020571 0.031536 0.031680 0.017445 0.009533 0.007013 0.004966 0.001461 0.000791 0.001127 0.000621 0.000559 0.000718 0.000793 0.000807 0.000656 0.001227 0.001292 0.001742 0.002752 0.002812 0.003277 0.003600 0.004794 0.007326 0.008048 0.006281 0.005926 0.008734 0.003774 0.002600 0.004784 0.008570 0.003446 0.005484 0.007758 0.006608 0.003534 0.005289 0.009886 0.004493
0.001258 0.001772 0.002578 0.001835 0.006049 0.010531 0.048980 0.077754 0.189839 0.141623 0.202730 0.174779 0.407886 0.643904 0.695556 0.709812 0.599229 0.072332 0.022810 0.004486 0.008115 0.003819 0.002492 0.000419 0.000483 0.000236 0.000121 0.000206 0.000398 0.000407 0.000822 0.000534 0.002898 0.005483 0.024553 0.036295 0.136459 0.084729 0.083162 0.036976 0.026276 0.018338 0.007977 0.009132 0.004798 0.003109 0.002800 0.007538 0.005309 0.002631 0.001158 0.001926 0.002170 0.001391 0.001067 0.001580 0.001309 0.001972 0.001215 0.000975 0.000472 0.000395 0.000274 0.000583 0.000923 0.002007 0.000575 0.000854 0.000248 0.000122 0.000215 0.000617 0.001890 0.002679 0.002064 0.005042 0.005067 0.017279 0.012797 0.024247 0.027536 0.015763 0.040450 0.071989 0.033409 0.016506 0.005995 0.005375 0.003155 0.001342 0.001675 0.001647 0.001194 0.000629 0.000828 0.000763 0.001137 0.000730 0.001030 0.000929 0.001174 0.003595 0.003900 0.003476 0.003256 0.004102 0.008319 0.010211 0.008168 0.008552 0.011359 0.004052 0.003310 0.005705 0.008840 0.003244 0.005254 0.013782 0.011804 0.004101 0.007022 0.013599 0.005521
0.001161 0.000980 0.003976 0.003829 0.023533 0.021817 0.168189 0.184058 0.206431 0.103543 0.094042 0.073461 0.134594 0.489235 0.709812 0.824113 0.708214 0.420440 0.033540 0.015165 0.018207 0.006346 0.002637 0.000664 0.000529 0.000191 0.000163 0.000336 0.000475 0.000581 0.003618 0.000868 0.010390 0.013092 0.085484 0.039351 0.115445 0.107103 0.091868 0.064270 0.076989 0.063085 0.025114 0.024621 0.015134 0.012563 0.007852 0.014691 0.007378 0.004803 0.002880 0.004143 0.005011 0.003035 0.002227 0.002226 0.002618 0.005308 0.002895 0.002555 0.000967 0.000901 0.000503 0.002630 0.001049 0.005265 0.001689 0.001835 0.000507 0.000299 0.000458 0.000897 0.001605 0.005829 0.005660 0.042569 0.026036 0.075973 0.071812 0.115706 0.167202 0.117835 0.208456 0.264030 0.126511 0.107324 0.026307 0.021219 0.007613 0.004859 0.002188 0.001375 0.000432 0.000643 0.000743 0.000860 0.000810 0.000872 0.000811 0.000577 0.000576 0.002502 0.003465 0.003112 0.002665 0.003969 0.006397 0.007427 0.005802 0.009106 0.013040 0.004487 0.003086 0.006409 0.009258 0.003117 0.003902 0.014772 0.007797 0.002971 0.004434 0.009965 0.004966
0.001183 0.000945 0.004809 0.002653 0.034608 0.051023 0.223120 0.203869 0.192614 0.129411 0.112835 0.086209 0.155124 0.405725 0.599229 0.708214 0.803474 0.690401 0.611512 0.067300 0.172850 0.023142 0.006340 0.001475 0.000951 0.000206 0.000145 0.000493 0.000401 0.000284 0.001474 0.000568 0.006523 0.006115 0.031806 0.014337 0.025694 0.018991 0.018168 0.014900 0.026078 0.019147 0.009645 0.010810 0.009641 0.007176 0.006684 0.005495 0.002820 0.002057 0.001531 0.001928 0.003253 0.001373 0.001022 0.001718 0.001024 0.002067 0.001008 0.001426 0.000789 0.000653 0.000475 0.001400 0.000951 0.002708 0.000562 0.000782 0.000272 0.000255 0.000429 0.001154 0.001738 0.003548 0.002846 0.022068 0.010480 0.027928 0.020072 0.028249 0.034648 0.031915 0.064040 0.078648 0.044781 0.052484 0.025087 0.030719 0.018454 0.006825 0.004643 0.001853 0.000993 0.000798 0.000702 0.000731 0.001218 0.001438 0.001154 0.000569 0.000785 0.002368 0.003199 0.003845 0.004830 0.006130 0.012531 0.013057 0.011617 0.017901 0.020666 0.005486 0.004022 0.017265 0.017855 0.004131 0.006469 0.022635 0.016161 0.004720 0.008096 0.013717 0.006751
0.003023 0.003405 0.033520 0.012583 0.321782 0.225041 0.329012 0.139974 0.063166 0.055506 0.070642 0.038638 0.041505 0.069293 0.072332 0.420440 0.690401 0.773122 0.550903 0.541159 0.169376 0.031976 0.014655 0.002933 0.004040 0.000420 0.000406 0.000884 0.000945 0.000964 0.010879 0.001730 0.102476 0.021492 0.114006 0.017418 0.022613 0.015754 0.017081 0.019600 0.038473 0.047410 0.013321 0.013244 0.008941 0.005503 0.004630 0.007827 0.005513 0.005436 0.003224 0.002661 0.006485 0.002262 0.002445 0.004793 0.001349 0.002703 0.001169 0.001570 0.001461 0.000855 0.001225 0.002305 0.004983 0.013589 0.002164 0.005589 0.000770 0.001235 0.002028 0.004500 0.005830 0.031375 0.007799 0.097400 0.022211 0.058868 0.018943 0.025466 0.046341 0.022884 0.044285 0.047935 0.044338 0.138611 0.054708 0.136364 0.055046 0.025803 0.005847 0.003225 0.001953 0.001465 0.001458 0.001777 0.002315 0.003634 0.003337 0.002099 0.002552 0.009695 0.010408 0.009766 0.017057 0.017750 0.037105 0.021983 0.013477 0.025850 0.041411 0.016731 0.008291 0.048681 0.072369 0.012598 0.016773 0.067264 0.035688 0.008954 0.021441 0.036126 0.009829
0.002165 0.003627 0.025979 0.022592 0.305500 0.381378 0.247389 0.140805 0.041547 0.045117 0.060330 0.036615 0.021250 0.027916 0.022810 0.033540 0.611512 0.550903 0.819137 0.644208 0.536344 0.065044 0.025709 0.006422 0.003683 0.000754 0.000225 0.000203 0.000251 0.000292 0.001200 0.000481 0.010000 0.001837 0.006631 0.002295 0.003526 0.002703 0.004246 0.004098 0.005869 0.005544 0.003456 0.002916 0.002280 0.001442 0.001186 0.001699 0.001219 0.000784 0.000447 0.000534 0.000843 0.000484 0.000681 0.000922 0.000432 0.000590 0.000364 0.000429 0.000183 0.000131 0.000286 0.000374 0.000333 0.000560 0.000253 0.000677 0.000223 0.000194 0.000783 0.000924 0.001280 0.003577 0.001482 0.010166 0.003057 0.008009 0.003517 0.006711 0.009874 0.005238 0.014937 0.015024 0.025759 0.031185 0.026784 0.071941 0.046999 0.014395 0.009270 0.003968 0.002298 0.001996 0.001443 0.001701 0.002176 0.002552 0.002666 0.000996 0.001238 0.003068 0.003262 0.002452 0.003938 0.003554 0.006917 0.005106 0.003643 0.007012 0.013396 0.004145 0.002237 0.013212 0.011350 0.002484 0.003574 0.016789 0.008106 0.003416 0.008406 0.016721 0.006961
0.003952 0.004853 0.093856 0.058173 0.301835 0.151935 0.078336 0.031590 0.010605 0.010275 0.012954 0.010939 0.009217 0.007558 0.004486 0.015165 0.067300 0.541159 0.644208 0.868684 0.767022 0.718574 0.249800 0.032476 0.016146 0.003583 0.001125 0.001608 0.001358 0.001599 0.013356 0.004749 0.060048 0.005464 0.013543 0.003866 0.004002 0.002655 0.003164 0.003122 0.005288 0.008616 0.002852 0.004747 0.003821 0.002067 0.001770 0.003102 0.002013 0.001774 0.000868 0.001483 0.001841 0.000908 0.000814 0.001265 0.000483 0.000727 0.000440 0.000538 0.000304 0.000240 0.000472 0.001055 0.000974 0.001188 0.001296 0.004910 0.000850 0.000719 0.002215 0.004196 0.005410 0.022535 0.005716 0.033820 0.006955 0.013381 0.004575 0.005296 0.008708 0.004736 0.008368 0.010393 0.015290 0.043435 0.037480 0.149057 0.144686 0.050477 0.029260 0.016327 0.007696 0.003712 0.002767 0.003803 0.003138 0.002780 0.003604 0.001795 0.001553 0.003976 0.004712 0.002062 0.003185 0.004061 0.007170 0.007207 0.003969 0.009528 0.015348 0.004091 0.003127 0.018837 0.018334 0.003904 0.006432 0.029320 0.011295 0.003374 0.009003 0.014746 0.005914
0.003291 0.004395 0.074505 0.023319 0.092698 0.036455 0.021114 0.015371 0.009149 0.010620 0.010000 0.007873 0.009156 0.011455 0.008115 0.018207 0.172850 0.169376 0.536344 0.767022 0.844318 0.878557 0.505525 0.018341 0.017795 0.002753 0.000441 0.000359 0.000777 0.001118 0.004180 0.002045 0.008636 0.001149 0.002788 0.001531 0.001137 0.001230 0.001201 0.003175 0.001525 0.002526 0.000863 0.000968 0.001018 0.000707 0.000632 0.000960 0.000561 0.000410 0.000293 0.000487 0.000638 0.000288 0.000368 0.000444 0.000282 0.000324 0.000201 0.000330 0.000320 0.000272 0.000262 0.000461 0.000584 0.000723 0.000668 0.002295 0.000551 0.000475 0.000892 0.001860 0.003655 0.007399 0.004223 0.012940 0.003698 0.003213 0.001517 0.001735 0.003531 0.001869 0.003770 0.005002 0.009618 0.016013 0.047177 0.155108 0.243463 0.106143 0.071857 0.008355 0.015157 0.005056 0.006770 0.005172 0.002547 0.003370 0.005871 0.006182 0.004622 0.007639 0.009840 0.003360 0.003990 0.004053 0.008810 0.007474 0.004511 0.010112 0.020542 0.006197 0.006372 0.055593 0.050131 0.007512 0.024867 0.173087 0.035383 0.007865 0.025679 0.024174 0.007225
0.004679 0.006016 0.128961 0.018817 0.072018 0.016271 0.012049 0.007346 0.004691 0.003381 0.002733 0.001884 0.002309 0.003525 0.003819 0.006346 0.023142 0.031976 0.065044 0.718574 0.878557 0.959006 0.778627 0.841838 0.069809 0.008658 0.001804 0.001390 0.004358 0.002625 0.015768 0.005228 0.011819 0.001346 0.002434 0.001176 0.000919 0.001141 0.000928 0.002259 0.001751 0.003583 0.000861 0.004285 0.002072 0.001035 0.000880 0.001167 0.000611 0.000735 0.000301 0.000658 0.000837 0.000310 0.000362 0.000593 0.000254 0.000347 0.000212 0.000497 0.000266 0.000232 0.000257 0.000416 0.000808 0.001383 0.000615 0.003071 0.001013 0.001141 0.002659 0.005786 0.016468 0.012885 0.007857 0.021670 0.004105 0.005097 0.001579 0.003258 0.004616 0.002017 0.002324 0.001857 0.005512 0.013710 0.040414 0.206373 0.537118 0.297461 0.459392 0.067532 0.057395 0.016793 0.013879 0.015542 0.002471 0.005473 0.007331 0.007761 0.005876 0.012081 0.005220 0.003081 0.004138 0.004299 0.010368 0.007900 0.005751 0.009604 0.021535 0.006056 0.004901 0.034831 0.070010 0.009137 0.012077 0.104387 0.031805 0.005852 0.016947 0.054209 0.008817
0.039129 0.059786 0.605860 0.115674 0.313313 0.020676 0.014508 0.005106 0.003764 0.002329 0.001547 0.000704 0.001077 0.001429 0.002492 0.002637 0.006340 0.014655 0.025709 0.249800 0.505525 0.778627 0.897785 0.821877 0.791196 0.033309 0.006754 0.006457 0.032995 0.023928 0.329721 0.037394 0.299642 0.007605 0.024339 0.002144 0.001508 0.001258 0.001347 0.001913 0.001529 0.005736 0.001740 0.007260 0.002447 0.001153 0.001060 0.001408 0.001013 0.001029 0.000478 0.000878 0.000908 0.000519 0.000424 0.001203 0.000411 0.000502 0.000518 0.000708 0.000947 0.001208 0.001077 0.002645 0.003242 0.012345 0.002575 0.027530 0.002429 0.002433 0.005180 0.009901 0.018841 0.029252 0.008186 0.051493 0.004163 0.006126 0.001924 0.003507 0.004797 0.001770 0.002098 0.001284 0.003462 0.010752 0.009083 0.159739 0.232448 0.240240 0.243122 0.143484 0.072324 0.004472 0.005416 0.003753 0.001614 0.001926 0.003738 0.002689 0.002830 0.003833 0.005234 0.002599 0.004452 0.003524 0.007670 0.008399 0.004327 0.004940 0.007508 0.003611 0.003296 0.011682 0.021432 0.004568 0.006552 0.016408 0.010794 0.005285 0.004595 0.011157 0.004713
0.018352 0.008271 0.100168 0.008129 0.012716 0.001713 0.001483 0.000851 0.000854 0.000475 0.000403 0.000175 0.000240 0.000313 0.000419 0.000664 0.001475 0.002933 0.006422 0.032476 0.018341 0.841838 0.821877 0.915832 0.823696 0.535396 0.011667 0.008538 0.033551 0.008655 0.072339 0.005011 0.008902 0.000656 0.000718 0.000186 0.000121 0.000107 0.000139 0.000365 0.000271 0.000676 0.000486 0.002365 0.000470 0.000293 0.000257 0.000246 0.000249 0.000331 0.000173 0.000364 0.000175 0.000142 0.000097 0.000115 0.000057 0.000087 0.000068 0.000105 0.000073 0.000058 0.000106 0.000152 0.000299 0.000535 0.001128 0.012542 0.001894 0.003279 0.013886 0.012755 0.008959 0.011367 0.002243 0.005414 0.000447 0.000898 0.000273 0.000461 0.000562 0.000554 0.000445 0.000331 0.000914 0.001904 0.001279 0.016443 0.108819 0.171069 0.510291 0.114856 0.489006 0.043395 0.017427 0.017943 0.005692 0.005559 0.005455 0.002991 0.003499 0.003953 0.003167 0.002207 0.003753 0.002560 0.003078 0.003154 0.001411 0.002469 0.003752 0.001828 0.001519 0.006200 0.008135 0.001976 0.002504 0.010829 0.004579 0.002791 0.003974 0.008559 0.004213
0.050730 0.040255 0.249199 0.014587 0.028174 0.001826 0.002870 0.000784 0.001032 0.000902 0.000549 0.000261 0.000187 0.000230 0.000483 0.000529 0.000951 0.004040 0.003683 0.016146 0.017795 0.069809 0.791196 0.823696 0.792034 0.711012 0.410937 0.132295 0.496832 0.202547 0.519752 0.025062 0.057124 0.001647 0.002270 0.000457 0.000404 0.000234 0.000354 0.000848 0.000574 0.004127 0.002799 0.016092 0.001016 0.000651 0.000622 0.000851 0.000921 0.000834 0.000280 0.000582 0.000545 0.000307 0.000235 0.000343 0.000280 0.000393 0.000274 0.000508 0.000348 0.000238 0.000778 0.001126 0.003796 0.017247 0.026994 0.187338 0.028019 0.027494 0.073890 0.075678 0.035922 0.061988 0.006378 0.017315 0.001077 0.002721 0.000546 0.001029 0.001889 0.001290 0.000943 0.000431 0.000627 0.002110 0.001788 0.008823 0.014391 0.099820 0.157003 0.151801 0.129216 0.014407 0.012446 0.016247 0.007251 0.004479 0.007574 0.002636 0.003731 0.004950 0.003067 0.001336 0.002636 0.003278 0.004305 0.005159 0.002335 0.004761 0.007463 0.003230 0.003167 0.012264 0.018700 0.003594 0.004325 0.016606 0.009183 0.003215 0.004348 0.011426 0.004407
0.074501 0.011124 0.058850 0.002687 0.003668 0.000508 0.000568 0.000273 0.000489 0.000258 0.000162 0.000127 0.000086 0.000162 0.000236 0.000191 0.000206 0.000420 0.000754 0.003583 0.002753 0.008658 0.033309 0.535396 0.711012 0.725611 0.592265 0.578360 0.639283 0.109990 0.075515 0.006096 0.004371 0.000674 0.000762 0.000095 0.000151 0.000145 0.000182 0.000319 0.000235 0.000838 0.000307 0.001249 0.000383 0.000309 0.000356 0.000336 0.000546 0.000404 0.000124 0.000232 0.000147 0.000091 0.000096 0.000121 0.000194 0.000189 0.000183 0.000288 0.000171 0.000707 0.000288 0.000674 0.001495 0.002720 0.009564 0.086892 0.021167 0.011762 0.027529 0.014596 0.004685 0.004114 0.000592 0.001271 0.000206 0.000319 0.000110 0.000188 0.000259 0.000282 0.000214 0.000213 0.000234 0.000537 0.000475 0.004861 0.004385 0.015033 0.074169 0.085016 0.215158 0.049793 0.019224 0.020054 0.008105 0.007257 0.006908 0.003119 0.004028 0.004033 0.002591 0.001440 0.002325 0.002855 0.003393 0.003479 0.001400 0.002133 0.003545 0.001940 0.001995 0.004994 0.006715 0.002733 0.002366 0.003985 0.002780 0.001227 0.001643 0.004082 0.002460
0.038628 0.008867 0.028644 0.002208 0.001618 0.000292 0.000322 0.000309 0.000423 0.000520 0.000394 0.000283 0.000061 0.000089 0.000121 0.000163 0.000145 0.000406 0.000225 0.001125 0.000441 0.001804 0.006754 0.011667 0.410937 0.592265 0.539699 0.530959 0.529645 0.032821 0.025013 0.002473 0.001045 0.000264 0.000253 0.000099 0.000145 0.000078 0.000166 0.000481 0.000209 0.000766 0.000158 0.000365 0.000326 0.000197 0.000263 0.000358 0.000338 0.000305 0.000092 0.000173 0.000156 0.000092 0.000090 0.000188 0.000190 0.000208 0.000294 0.000478 0.000243 0.000583 0.000575 0.001460 0.003366 0.013456 0.088822 0.338285 0.253826 0.193792 0.251283 0.068745 0.018041 0.030470 0.001511 0.003154 0.000347 0.000401 0.000126 0.000238 0.000343 0.000150 0.000225 0.000443 0.000451 0.000293 0.000361 0.002791 0.003160 0.009001 0.020031 0.078948 0.122981 0.086154 0.038076 0.029552 0.013328 0.005036 0.005911 0.002362 0.003078 0.003294 0.002046 0.001341 0.002208 0.001857 0.001679 0.002186 0.001435 0.001846 0.003763 0.001961 0.002077 0.003632 0.004884 0.002090 0.001957 0.003572 0.002564 0.001806 0.001827 0.004081 0.001853
0.093126 0.049367 0.090953 0.009221 0.005466 0.001702 0.001793 0.000627 0.001292 0.000482 0.000340 0.000231 0.000119 0.000096 0.000206 0.000336 0.000493 0.000884 0.000203 0.001608 0.000359 0.001390 0.006457 0.008538 0.132295 0.578360 0.530959 0.748324 0.759180 0.451838 0.082273 0.009667 0.003422 0.000789 0.000556 0.000178 0.000253 0.000332 0.000880 0.003788 0.000334 0.001445 0.000487 0.001165 0.000917 0.000699 0.000617 0.000720 0.000625 0.000744 0.000197 0.000289 0.000419 0.000217 0.000178 0.000323 0.000219 0.000452 0.000559 0.002153 0.000353 0.001874 0.002533 0.006169 0.011646 0.067891 0.270608 0.351472 0.240199 0.116797 0.068448 0.023510 0.004886 0.015845 0.001188 0.003331 0.000366 0.000840 0.000384 0.000706 0.000756 0.000475 0.000415 0.000609 0.000667 0.001017 0.000408 0.002374 0.001540 0.009285 0.011322 0.019239 0.040548 0.030169 0.012326 0.006974 0.005459 0.004179 0.006087 0.002143 0.002185 0.003705 0.002216 0.001897 0.003100 0.003594 0.003345 0.003824 0.004040 0.004184 0.005976 0.003250 0.002688 0.004736 0.008474 0.004747 0.003320 0.004136 0.003308 0.001594 0.001484 0.003846 0.002673
0.337794 0.218328 0.365302 0.032598 0.009923 0.003025 0.001639 0.000824 0.001162 0.000469 0.000420 0.000204 0.000124 0.000155 0.000398 0.000475 0.000401 0.000945 0.000251 0.001358 0.000777 0.004358 0.032995 0.033551 0.496832 0.639283 0.529645 0.759180 0.766759 0.838150 0.717184 0.023896 0.006528 0.001519 0.000652 0.000397 0.000139 0.000123 0.000164 0.001038 0.000363 0.001136 0.000346 0.001039 0.000539 0.000435 0.000441 0.000764 0.000644 0.000416 0.000168 0.000183 0.000212 0.000128 0.000179 0.000259 0.000300 0.000450 0.000686 0.001644 0.000609 0.001427 0.002702 0.026959 0.073614 0.082027 0.230862 0.199355 0.054677 0.012966 0.006810 0.003779 0.001876 0.004303 0.000509 0.001578 0.000282 0.000814 0.000248 0.000437 0.000934 0.000437 0.000409 0.000169 0.000332 0.000662 0.000405 0.001440 0.000674 0.005473 0.004309 0.006581 0.013569 0.009626 0.004923 0.002674 0.001630 0.002525 0.002508 0.001072 0.000969 0.001633 0.001249 0.001226 0.001320 0.001629 0.002200 0.002054 0.002091 0.002182 0.003335 0.001551 0.002082 0.002334 0.003490 0.002380 0.001909 0.003647 0.002387 0.000937 0.001095 0.002229 0.001774
0.205896 0.325284 0.190604 0.063597 0.025777 0.003479 0.003286 0.000962 0.000791 0.000249 0.000305 0.000167 0.000230 0.000199 0.000407 0.000581 0.000284 0.000964 0.000292 0.001599 0.001118 0.002625 0.023928 0.008655 0.202547 0.109990 0.032821 0.451838 0.838150 0.773757 0.801985 0.687990 0.010277 0.002675 0.001219 0.000941 0.000366 0.000371 0.000241 0.000545 0.000312 0.001478 0.000398 0.001867 0.000894 0.001153 0.001271 0.001469 0.000842 0.000522 0.000186 0.000260 0.000470 0.000400 0.000372 0.000663 0.000502 0.001560 0.001511 0.003542 0.004586 0.008861 0.011512 0.070731 0.517297 0.335518 0.499589 0.233534 0.054976 0.012797 0.004888 0.003579 0.002618 0.006491 0.000929 0.003115 0.000745 0.001893 0.000701 0.001021 0.000814 0.000847 0.000697 0.000425 0.000650 0.001134 0.000517 0.002821 0.000833 0.008264 0.003720 0.007381 0.010011 0.006226 0.004260 0.001930 0.001636 0.003536 0.004207 0.001730 0.002058 0.003464 0.001837 0.001359 0.002014 0.004245 0.004750 0.004722 0.003574 0.004524 0.007460 0.003277 0.002168 0.004121 0.004727 0.002204 0.002411 0.004486 0.003184 0.001362 0.001521 0.002918 0.002325
0.087807 0.188430 0.273502 0.115906 0.172381 0.017101 0.010577 0.003121 0.001350 0.000626 0.000585 0.000444 0.000504 0.000625 0.000822 0.003618 0.001474 0.010879 0.001200 0.013356 0.004180 0.015768 0.329721 0.072339 0.519752 0.075515 0.025013 0.082273 0.717184 0.801985 0.866903 0.870800 0.906683 0.028983 0.008954 0.001887 0.001776 0.001877 0.001240 0.002541 0.001015 0.013341 0.003651 0.016575 0.006341 0.004880 0.005194 0.003503 0.002313 0.001058 0.000350 0.000558 0.000642 0.000562 0.000495 0.000814 0.000607 0.003136 0.004208 0.004370 0.006052 0.030972 0.057136 0.051603 0.314613 0.232534 0.179529 0.177335 0.007540 0.003293 0.003618 0.007120 0.006102 0.040767 0.004155 0.097025 0.002145 0.008195 0.002348 0.001577 0.002949 0.001560 0.000988 0.000828 0.001708 0.004735 0.002588 0.022461 0.008466 0.103655 0.016393 0.019231 0.008081 0.004663 0.003915 0.002092 0.001317 0.001612 0.004584 0.001996 0.003204 0.006481 0.004489 0.003663 0.006086 0.005133 0.006120 0.006482 0.004504 0.007087 0.013175 0.004438 0.003025 0.008648 0.014675 0.005055 0.003824 0.012595 0.010286 0.003391 0.002499 0.004989 0.003559
0.075448 0.441982 0.350844 0.466341 0.187369 0.084695 0.017962 0.004273 0.001836 0.000645 0.000570 0.000367 0.000466 0.000349 0.000534 0.000868 0.000568 0.001730 0.000481 0.004749 0.002045 0.005228 0.037394 0.005011 0.025062 0.006096 0.002473 0.009667 0.023896 0.687990 0.870800 0.898295 0.905764 0.917080 0.037364 0.009036 0.001955 0.001691 0.001076 0.002095 0.000705 0.004526 0.001663 0.006677 0.002051 0.001983 0.002840 0.001475 0.000770 0.000526 0.000352 0.000411 0.000451 0.000637 0.000619 0.000965 0.000731 0.006267 0.006399 0.011971 0.014092 0.046004 0.413619 0.260233 0.481492 0.144223 0.024583 0.008961 0.001768 0.001003 0.000359 0.000688 0.000561 0.002663 0.000931 0.005328 0.000474 0.002113 0.000815 0.000987 0.001207 0.001020 0.000527 0.000389 0.000634 0.001124 0.000793 0.007903 0.001333 0.010937 0.002006 0.002506 0.002076 0.001523 0.001017 0.001568 0.001246 0.000912 0.002519 0.001424 0.001667 0.003969 0.003339 0.001878 0.002005 0.002064 0.003762 0.004232 0.002439 0.004134 0.006351 0.003181 0.001967 0.004131 0.006390 0.002542 0.003095 0.006574 0.006633 0.002687 0.001992 0.004274 0.002964
0.037059 0.046135 0.135225 0.190223 0.248234 0.098698 0.099743 0.013266 0.006929 0.002761 0.002124 0.001051 0.001160 0.001581 0.002898 0.010390 0.006523 0.102476 0.010000 0.060048 0.008636 0.011819 0.299642 0.008902 0.057124 0.004371 0.001045 0.003422 0.006528 0.010277 0.906683 0.905764 0.928367 0.931713 0.895384 0.033692 0.016907 0.008303 0.010265 0.028836 0.014637 0.199922 0.017175 0.096897 0.011025 0.005725 0.017919 0.009808 0.007477 0.004172 0.001376 0.001871 0.001507 0.001276 0.001328 0.002380 0.001807 0.008683 0.008697 0.016892 0.038586 0.026136 0.219335 0.213685 0.137335 0.135505 0.003555 0.006517 0.001837 0.000660 0.000786 0.002234 0.001196 0.013161 0.006454 0.142043 0.006448 0.023934 0.006308 0.006035 0.012010 0.004444 0.002468 0.002617 0.010235 0.012078 0.004526 0.032554 0.003257 0.064374 0.002855 0.003881 0.001597 0.001079 0.001263 0.001385 0.000970 0.000968 0.003334 0.001396 0.002222 0.004022 0.002012 0.001852 0.003457 0.003147 0.005550 0.006774 0.006039 0.006378 0.010747 0.005111 0.003149 0.006548 0.013409 0.003826 0.003672 0.011887 0.008759 0.003248 0.003543 0.009313 0.004145
0.022815 0.080160 0.118892 0.413103 0.199820 0.231309 0.111918 0.032443 0.010643 0.002726 0.003111 0.003267 0.001778 0.003054 0.005483 0.013092 0.006115 0.021492 0.001837 0.005464 0.001149 0.001346 0.007605 0.000656 0.001647 0.000674 0.000264 0.000789 0.001519 0.002675 0.028983 0.917080 0.931713 0.991064 0.978553 0.851530 0.042221 0.026275 0.009687 0.013199 0.007291 0.021903 0.002329 0.006570 0.001522 0.000932 0.002394 0.001468 0.001919 0.002574 0.000589 0.001108 0.000858 0.000965 0.001261 0.003316 0.003970 0.020951 0.016632 0.042934 0.240701 0.211871 0.311882 0.089917 0.011980 0.008982 0.001226 0.000848 0.000412 0.000189 0.000300 0.000420 0.000292 0.000953 0.000864 0.003781 0.001229 0.004055 0.001528 0.002101 0.003952 0.003456 0.001175 0.001155 0.001222 0.001731 0.001156 0.003126 0.000891 0.002926 0.000442 0.000995 0.000449 0.000403 0.000603 0.006474 0.002339 0.001590 0.003914 0.001846 0.003026 0.004105 0.002198 0.002286 0.004304 0.003471 0.007581 0.010337 0.008568 0.009538 0.012907 0.007213 0.004616 0.009673 0.013263 0.005250 0.005900 0.009761 0.010962 0.002808 0.002826 0.007662 0.004577
0.010269 0.013501 0.044339 0.044796 0.051357 0.073680 0.120906 0.043800 0.023517 0.011669 0.010997 0.013766 0.009070 0.015163 0.024553 0.085484 0.031806 0.114006 0.006631 0.013543 0.002788 0.002434 0.024339 0.000718 0.002270 0.000762 0.000253 0.000556 0.000652 0.001219 0.008954 0.037364 0.895384 0.978553 0.999535 0.941294 0.909466 0.213520 0.089483 0.165973 0.073762 0.241263 0.019142 0.062367 0.008253 0.005155 0.027288 0.008360 0.009055 0.004313 0.001750 0.003006 0.002912 0.003082 0.003027 0.018640 0.015358 0.054361 0.041511 0.103062 0.280686 0.288414 0.237145 0.148766 0.015284 0.004158 0.000796 0.001189 0.000606 0.000312 0.000265 0.000388 0.000316 0.001672 0.002158 0.010841 0.005093 0.013433 0.014648 0.015138 0.018283 0.016462 0.009400 0.009174 0.011955 0.009182 0.003225 0.008026 0.001313 0.005045 0.000501 0.001280 0.000550 0.000465 0.000750 0.002303 0.001731 0.001760 0.004477 0.001647 0.001748 0.003459 0.002440 0.002197 0.004400 0.004542 0.005988 0.008386 0.007336 0.009012 0.010095 0.005602 0.003432 0.008338 0.014627 0.005599 0.004617 0.009275 0.011638 0.003703 0.003863 0.010210 0.004917
0.004039 0.006246 0.013662 0.071566 0.036525 0.207612 0.098264 0.073746 0.044304 0.023328 0.029589 0.033048 0.013097 0.028844 0.036295 0.039351 0.014337 0.017418 0.002295 0.003866 0.001531 0.001176 0.002144 0.000186 0.000457 0.000095 0.000099 0.000178 0.000397 0.000941 0.001887 0.009036 0.033692 0.851530 0.941294 0.991730 0.919472 0.745387 0.083729 0.091115 0.028834 0.035220 0.008188 0.008191 0.001993 0.001846 0.004439 0.002473 0.002447 0.001864 0.000936 0.002111 0.001834 0.004101 0.003275 0.006689 0.010480 0.019606 0.037533 0.087832 0.209286 0.085775 0.051231 0.006884 0.001373 0.001037 0.000182 0.000270 0.000152 0.000062 0.000064 0.000111 0.000167 0.000729 0.001110 0.001846 0.001361 0.003518 0.002466 0.005054 0.004747 0.005999 0.006311 0.005317 0.005899 0.004971 0.001571 0.003616 0.001009 0.001995 0.000510 0.001056 0.000419 0.000635 0.000808 0.001363 0.000808 0.000680 0.003157 0.001109 0.001195 0.002375 0.001760 0.001418 0.002628 0.003041 0.003492 0.005397 0.004104 0.003947 0.003848 0.002546 0.002251 0.004796 0.004729 0.002680 0.002826 0.004588 0.004499 0.002097 0.001932 0.005072 0.003681
