0.42 0.80 0.90 0.85 1.05 1.06 1.18 0.73 0.93 0.77 0.87 1.28 0.05 1.00 0.31 6.11 0.42 0.23 1.000 0.580 0.514 0.266 0.822 0.709 0.463 0.736 0.723 0.962 0.956 0.513 0.971 0.976 0.861 0.710 0.880 0.949 0.959 0.968 1 0 0 0 0 0 0 0 0 0 0 0 0 0 0 0 0 0 0 0
0.61 0.87 0.78 0.65 1.05 1.08 1.06 1.09 1.27 0.86 0.80 2.34 0.29 6.13 -1.01 10.74 0.36 0.25 0.580 1.000 0.814 0.566 0.605 0.825 0.601 0.820 0.859 0.405 0.389 0.959 0.579 0.465 0.798 0.879 0.809 0.658 0.687 0.417 0 1 0 0 0 0 0 0 0 0 0 0 0 0 0 0 0 0 0 0
2.24 0.78 1.16 0.94 0.63 1.52 1.68 1.58 0.98 1.55 1.71 1.60 0.13 2.95 -0.60 6.52 0.21 0.22 0.514 0.814 1.000 0.844 0.650 0.930 0.808 0.926 0.883 0.292 0.269 0.821 0.568 0.393 0.822 0.920 0.806 0.641 0.630 0.310 0 0 1 0 0 0 0 0 0 0 0 0 0 0 0 0 0 0 0 0
2.56 1.07 2.06 1.95 0.47 0.80 0.78 1.65 0.73 2.06 1.59 1.60 0.11 2.78 -0.77 2.95 0.25 0.20 0.266 0.566 0.844 1.000 0.431 0.766 0.932 0.724 0.689 0.068 0.053 0.571 0.311 0.152 0.604 0.754 0.600 0.404 0.403 0.092 0 0 0 1 0 0 0 0 0 0 0 0 0 0 0 0 0 0 0 0
0.95 0.68 0.60 0.74 1.21 1.06 1.11 0.82 0.80 0.92 1.20 1.77 0.13 2.43 1.54 6.35 0.17 0.41 0.822 0.605 0.650 0.431 1.000 0.777 0.511 0.829 0.822 0.730 0.711 0.549 0.856 0.802 0.852 0.750 0.825 0.892 0.845 0.737 0 0 0 0 1 0 0 0 0 0 0 0 0 0 0 0 0 0 0 0
0.60 0.78 1.04 1.38 0.83 1.00 1.21 0.95 1.27 0.93 0.67 1.56 0.18 3.95 -0.22 5.65 0.36 0.25 0.709 0.825 0.930 0.766 0.777 1.000 0.821 0.954 0.922 0.540 0.520 0.819 0.752 0.619 0.930 0.951 0.923 0.814 0.809 0.556 0 0 0 0 0 1 0 0 0 0 0 0 0 0 0 0 0 0 0 0
0.58 0.93 1.94 1.63 0.40 0.93 0.80 0.83 1.12 0.93 0.74 1.56 0.15 3.78 -0.64 3.09 0.42 0.21 0.463 0.601 0.808 0.932 0.511 0.821 1.000 0.739 0.724 0.314 0.303 0.586 0.490 0.369 0.727 0.792 0.719 0.576 0.594 0.335 0 0 0 0 0 0 1 0 0 0 0 0 0 0 0 0 0 0 0 0
1.41 1.66 1.76 1.31 0.77 0.72 2.36 1.77 1.23 0.94 1.72 0.00 0.00 0.00 0.00 6.07 0.13 0.15 0.736 0.820 0.926 0.724 0.829 0.954 0.739 1.000 0.935 0.565 0.546 0.789 0.793 0.665 0.929 0.939 0.910 0.845 0.825 0.576 0 0 0 0 0 0 0 1 0 0 0 0 0 0 0 0 0 0 0 0
1.18 0.88 1.05 1.17 0.85 1.28 1.32 1.06 1.10 1.07 1.08 2.99 0.23 4.66 0.13 7.69 0.27 0.30 0.723 0.859 0.883 0.689 0.822 0.922 0.724 0.935 1.000 0.552 0.530 0.832 0.773 0.634 0.909 0.960 0.907 0.823 0.817 0.569 0 0 0 0 0 0 0 0 1 0 0 0 0 0 0 0 0 0 0 0
0.29 0.89 0.53 0.71 1.78 0.73 0.48 0.50 0.85 0.62 0.60 4.19 0.19 4.00 1.80 6.04 0.30 0.45 0.962 0.405 0.292 0.068 0.730 0.540 0.314 0.565 0.552 1.000 0.998 0.336 0.930 0.983 0.728 0.526 0.760 0.886 0.899 0.997 0 0 0 0 0 0 0 0 0 1 0 0 0 0 0 0 0 0 0 0
0.36 0.88 0.51 0.68 1.45 1.17 1.05 0.51 0.79 0.68 0.78 2.59 0.19 4.00 1.70 6.04 0.39 0.31 0.956 0.389 0.269 0.053 0.711 0.520 0.303 0.546 0.530 0.998 1.000 0.313 0.922 0.982 0.716 0.503 0.742 0.875 0.893 0.997 0 0 0 0 0 0 0 0 0 0 1 0 0 0 0 0 0 0 0 0
0.56 0.93 0.95 0.73 0.69 1.23 1.14 1.15 1.52 0.86 0.88 1.89 0.22 4.77 -0.99 9.99 0.32 0.27 0.513 0.959 0.821 0.571 0.549 0.819 0.586 0.789 0.832 0.336 0.313 1.000 0.523 0.388 0.727 0.873 0.785 0.584 0.614 0.347 0 0 0 0 0 0 0 0 0 0 0 1 0 0 0 0 0 0 0 0
0.42 0.82 0.52 0.72 1.35 1.11 1.07 0.65 0.95 0.67 0.77 2.35 0.22 4.43 1.23 5.71 0.38 0.32 0.971 0.579 0.568 0.311 0.856 0.752 0.490 0.793 0.773 0.930 0.922 0.523 1.000 0.970 0.891 0.733 0.877 0.981 0.974 0.932 0 0 0 0 0 0 0 0 0 0 0 0 1 0 0 0 0 0 0 0
0.52 1.07 0.67 0.91 1.52 1.07 0.90 0.66 0.90 0.74 0.72 2.94 0.29 5.89 1.79 5.67 0.30 0.38 0.976 0.465 0.393 0.152 0.802 0.619 0.369 0.665 0.634 0.983 0.982 0.388 0.970 1.000 0.800 0.600 0.799 0.937 0.938 0.984 0 0 0 0 0 0 0 0 0 0 0 0 0 1 0 0 0 0 0 0
1.00 1.00 1.00 1.00 1.00 1.00 1.00 1.84 0.63 2.15 1.05 2.67 0.00 2.72 0.72 6.80 0.13 0.34 0.861 0.798 0.822 0.604 0.852 0.930 0.727 0.929 0.909 0.728 0.716 0.727 0.891 0.800 1.000 0.898 0.927 0.941 0.940 0.740 0 0 0 0 0 0 0 0 0 0 0 0 0 0 1 0 0 0 0 0
2.56 1.13 1.49 1.10 0.65 1.43 1.19 0.98 1.03 1.23 1.28 1.31 0.06 1.60 -0.04 5.70 0.20 0.28 0.710 0.879 0.920 0.754 0.750 0.951 0.792 0.939 0.960 0.526 0.503 0.873 0.733 0.600 0.898 1.000 0.923 0.792 0.789 0.542 0 0 0 0 0 0 0 0 0 0 0 0 0 0 0 1 0 0 0 0
2.18 1.11 1.14 1.45 0.93 1.20 0.70 1.02 1.14 0.91 1.29 3.03 0.11 2.60 0.26 5.60 0.21 0.36 0.880 0.809 0.806 0.600 0.825 0.923 0.719 0.910 0.907 0.760 0.742 0.785 0.877 0.799 0.927 0.923 1.000 0.897 0.908 0.773 0 0 0 0 0 0 0 0 0 0 0 0 0 0 0 0 1 0 0 0
0.42 1.34 0.90 0.93 1.38 0.73 0.55 0.87 0.90 0.78 0.70 3.21 0.41 8.08 2.25 5.94 0.32 0.42 0.949 0.658 0.641 0.404 0.892 0.814 0.576 0.845 0.823 0.886 0.875 0.584 0.981 0.937 0.941 0.792 0.897 1.000 0.983 0.888 0 0 0 0 0 0 0 0 0 0 0 0 0 0 0 0 0 1 0 0
0.63 1.09 0.82 0.89 1.30 1.20 0.98 0.73 1.00 0.73 0.77 2.94 0.30 6.47 0.96 5.66 0.25 0.41 0.959 0.687 0.630 0.403 0.845 0.809 0.594 0.825 0.817 0.899 0.893 0.614 0.974 0.938 0.940 0.789 0.908 0.983 1.000 0.904 0 0 0 0 0 0 0 0 0 0 0 0 0 0 0 0 0 0 1 0
0.26 1.06 0.66 0.99 1.70 0.68 0.46 0.61 0.87 0.61 0.77 3.67 0.14 3.00 1.22 6.02 0.27 0.49 0.968 0.417 0.310 0.092 0.737 0.556 0.335 0.576 0.569 0.997 0.997 0.347 0.932 0.984 0.740 0.542 0.773 0.888 0.904 1.000 0 0 0 0 0 0 0 0 0 0 0 0 0 0 0 0 0 0 0 1
